1,
35,
86,
142,
208,
274,
341,
414,
491,
567,
644,
721,
797,
877,
963,
1049,
1137,
1223,
1310,
1396,
1483,
1569,
1656,
1743,
1830,
1916,
2008,
2104,
2201,
2298,
2395,
2491,
2588,
2684,
2781,
2878,
2974,
3071,
3168,
3264,
3361,
3458,
3555,
3651,
3747,
3844,
3941,
4037,
4134,
4231,
4328,
4424,
4530,
4636,
4743,
4849,
4956,
5062,
5169,
5276,
5382,
5489,
5596,
5703,
5810,
5916,
6023,
6130,
6236,
6343,
6449,
6556,
6662,
6769,
6876,
6983,
7089,
7196,
7303,
7409,
7516,
7623,
7729,
7836,
7942,
8049,
8155,
8262,
8369,
8476,
8583,
8689,
8795,
8903,
9009,
9116,
9223,
9330,
9436,
9543,
