Cache size          Inserts that Miss
--------------------------------------
    18                    47,247
--------------------------------------
    20                    27,455
--------------------------------------
    21                    22,295
--------------------------------------
    22                    19,397 
--------------------------------------
    23                    17,093
--------------------------------------
    24                    16,045
--------------------------------------
    25                    14,774
--------------------------------------
    30                    11,961
--------------------------------------
    35                    10,564
--------------------------------------
    40                    9,687
--------------------------------------
    45                    9,040
--------------------------------------
    50                    8,416
--------------------------------------
    55                    7,879
--------------------------------------
    65                    7,007
--------------------------------------
    70                    6,555
--------------------------------------
    75                    6,121
--------------------------------------
    80                    5,738
--------------------------------------
    85                    5,333
--------------------------------------
    90                    4,939

