-79,
-81,
-77,
-77,
-78,
-77,
-76,
-72,
-71,
-72,
-72,
-69,
-66,
-65,
-65,
-58,
-42,
-29,
-17,
-13,
-14,
-01,
-01,
-05,
-04,
-05,
-05,
-07,
-06,
-08,
-12,
-15,
-16,
-17,
-17,
-15,
-22,
-30,
-33,
-29,
-22,
-21,
-18,
-16,
-17,
-19,
-20,
-22,
-23,
-27,
-33,
-49,
-54,
-61,
-77,
-77,
-78,
-77,
-72,
-61,
-60,
-45,
-35,
-24,
-34,
-31,
-23,
-13,
-03,
02,
06,
12,
17,
19,
19,
22,
28,
37,
40,
45,
46,
42,
44,
55,
58,
61,
68,
75,
89,
99,
106,
111,
110,
107,
67,
61,
56,
38,
32,
24,
21,
16,
-05,
-13,
-25,
-39,
-44,
-58,
-69,
-76,
-84,
-86,
-92,
-99,
-101,
-108,
-117,
-118,
-121,
-122,
-123,
-126,
-127,
-128,
-128,
-129,
-131,
-132,
-131,
-130,
-126,
-125,
-123,
-119,
-114,
-110,
-105,
-104,
-101,
-98,
-98,
-104,
-126,
-133,
-138,
-112,
-112,
-113,
-110,
-110,
-110,
-107,
-104,
-105,
-111,
-109,
-110,
-110,
-115,
-120,
-131,
-146,
-152,
-163,
-163,
-164,
-167,
-169,
-170,
-174,
-174,
-174,
-172,
-178,
-175,
-172,
-169,
-168,
-173,
-171,
-161,
-159,
-148,
-135,
-118,
-108,
-95,
-99,
-101,
-105,
-113,
-113,
-112,
-112,
-110,
-109,
-106,
-103,
-101,
-101,
-98,
-97,
-96,
-94,
-91,
-84,
-68,
-63,
-71,
-66,
-58,
-74,
-80,
-82,
-84,
-86,
-94,
-97,
-102,
-105,
-116,
-117,
-123,
-125,
-134,
-137,
-143,
-150,
-155,
-150,
-141,
-130,
-120,
-111,
-101,
-98,
-100,
-107,
-115,
-121,
-124,
-130,
-133,
-147,
-160,
-134,
-121,
-115,
-104,
-101,
-103,
-101,
-95,
-89,
-83,
-71,
-57,
-45,
-35,
-28,
-23,
-16,
-16,
-15,
-11,
-11,
-07,
-08,
-07,
-11,
-25,
-20,
-21,
-20,
-24,
-22,
-19,
-17,
-15,
-13,
-08,
00,
-01,
-03,
-10,
-15,
-20,
-21,
-23,
-26,
-40,
-64,
-79,
-93,
-108,
-129,
-141,
-153,
-158,
-170,
-183,
-187,
-182,
-174,
-162,
-151,
-141,
-134,
-136,
-154,
-197,
-207,
-223,
-250,
-239,
-254,
-254,
-257,
-237,
-246,
-220,
-217,
-213,
-207,
-199,
-169,
-141,
-118,
-98,
-79,
-68,
-59,
-57,
-62,
-81,
-123,
-137,
-156,
-159,
-188,
-158,
-143,
-123,
-109,
-121,
-119,
-122,
-144,
-161,
-150,
-125,
-100,
-81,
-58,
-50,
-42,
-42,
-52,
-80,
-83,
-86,
-76,
-86,
-83,
-44,
-52,
-25,
-30,
-26,
-25,
-22,
-25,
-26,
-24,
-49,
-58,
-63,
-80,
-77,
-87,
-94,
-102,
-110,
-114,
-119,
-127,
-119,
-121,
-128,
-145,
-147,
-194,
-209,
-220,
-217,
-213,
-221,
-192,
-145,
-117,
-101,
-81,
-67,
-56,
-46,
-46,
-49,
-44,
-43,
-44,
-50,
-48,
-48,
-48,
-38,
-39,
-42,
-38,
-25,
-15,
-07,
-03,
00,
13,
26,
31,
36,
32,
22,
22,
17,
08,
-26,
-15,
12,
11,
11,
07,
09,
02,
-03,
-06,
-06,
-09,
-09,
-11,
-10,
-12,
-12,
-17,
-17,
-15,
-23,
-30,
-33,
-34,
-35,
-37,
-37,
-40,
-46,
-46,
-49,
-56,
-63,
-64,
-65,
-67,
-71,
-74,
-74,
-67,
-65,
-66,
-65,
-58,
-63,
-84,
-91,
-88,
-95,
-103,
-134,
-165,
-179,
-192,
-194,
-213,
-202,
-203,
-220,
-224,
-203,
-190,
-166,
-125,
-96,
-73,
-61,
-53,
-54,
-56,
-57,
-57,
-57,
-54,
-46,
-53,
-56,
-57,
-57,
-56,
-56,
-54,
-54,
-53,
-47,
-54,
-58,
-54,
-53,
-49,
-45,
-44,
-47,
-56,
-95,
-105,
-133,
-125,
-140,
-143,
-114,
-100,
-61,
-74,
-92,
-84,
-104,
-75,
-74,
-70,
-65,
-60,
-50,
-36,
-24,
-17,
-14,
-15,
-23,
-25,
-47,
-41,
-49,
-44,
-39,
-27,
-30,
-29,
-32,
-26,
-31,
-35,
-33,
-30,
-23,
-13,
-07,
-01,
-01,
-18,
-32,
-34,
-33,
-32,
-27,
-25,
-21,
-18,
-17,
-14,
-10,
-07,
-05,
-13,
-20,
-41,
-56,
-67,
-69,
-71,
-74,
-75,
-79,
-81,
-86,
-97,
-119,
-123,
-136,
-135,
-130,
-146,
-167,
-146,
-141,
-154,
-139,
-133,
-133,
-131,
-131,
-126,
-115,
-107,
-104,
-99,
-90,
-83,
-82,
-82,
-82,
-85,
-84,
-85,
-85,
-81,
-87,
-88,
-96,
-97,
-96,
-97,
-98,
-102,
-115,
-120,
-122,
-121,
-120,
-117,
-115,
-112,
-117,
-121,
-123,
-126,
-128,
-131,
-133,
-133,
-134,
-137,
-139,
-146,
-147,
-147,
-147,
-151,
-148,
-138,
-117,
-98,
-88,
-79,
-71,
-66,
-63,
-71,
-103,
-121,
-153,
-157,
-166,
-188,
-192,
-199,
-219,
-207,
-194,
-198,
-180,
-180,
-157,
-126,
-87,
-76,
-69,
-42,
-22,
-14,
-10,
-12,
-28,
-37,
-34,
-35,
-36,
-37,
-45,
-44,
-32,
-33,
-30,
-27,
-26,
-29,
-35,
-39,
-44,
-46,
-53,
-62,
-80,
-92,
-102,
-108,
-116,
-121,
-124,
-124,
-124,
-125,
-130,
-134,
-137,
-141,
-149,
-153,
-156,
-157,
-161,
-158,
-145,
-137,
-124,
-115,
-107,
-100,
-101,
-106,
-140,
-178,
-172,
-170,
-156,
-144,
-133,
-125,
-118,
-112,
-105,
-98,
-55,
-43,
-46,
-52,
-56,
-57,
-54,
-54,
-54,
-56,
-66,
-71,
-85,
-77,
-69,
-69,
-67,
-65,
-59,
-56,
-51,
-46,
-43,
-44,
-43,
-40,
-39,
-38,
-37,
-78,
-98,
-112,
-113,
-127,
-138,
-149,
-150,
-148,
-144,
-143,
-142,
-140,
-138,
-128,
-131,
-136,
-138,
-138,
-142,
-166,
-168,
-147,
-119,
-103,
-96,
-85,
-72,
-63,
-60,
-67,
-103,
-139,
-176,
-160,
-183,
-147,
-135,
-115,
-106,
-92,
-87,
-82,
-79,
-74,
-67,
-59,
-47,
-38,
-32,
-25,
-18,
-14,
-09,
-08,
-19,
-23,
-20,
-14,
-12,
-39,
-43,
-50,
-63,
-69,
-77,
-83,
-87,
-97,
-98,
-103,
-103,
-102,
-109,
-110,
-117,
-125,
-128,
-137,
-142,
-136,
-139,
-150,
-174,
-214,
-217,
-251,
-250,
-255,
-270,
-255,
-233,
-203,
-174,
-160,
-127,
-108,
-91,
-83,
-76,
-71,
-67,
-75,
-82,
-106,
-113,
-119,
-171,
-178,
-122,
-80,
-74,
-70,
-100,
-93,
-90,
-73,
-72,
-72,
-66,
-51,
-49,
-48,
-46,
-40,
-34,
-35,
-35,
-36,
-36,
-33,
-31,
-30,
-30,
-30,
-27,
-20,
-21,
-22,
-11,
-10,
-01,
03,
15,
16,
22,
28,
33,
23,
23,
-17,
-28,
-40,
-49,
-63,
-76,
-81,
-87,
-90,
-95,
-99,
-98,
-98,
-100,
-98,
-96,
-95,
-92,
-86,
-80,
-76,
-70,
-65,
-70,
-78,
-79,
-80,
-81,
-83,
-83,
-82,
-82,
-82,
-82,
-83,
-84,
-86,
-88,
-90,
-90,
-88,
-85,
-82,
-79,
-79,
-79,
-78,
-77,
-77,
-79,
-81,
-83,
-84,
-85,
-87,
-92,
-95,
-97,
-104,
-107,
-116,
-114,
-110,
-123,
-112,
-94,
-70,
-49,
-39,
-34,
-20,
-11,
-11,
-11,
-12,
-15,
-18,
-27,
-23,
-23,
-25,
-25,
-26,
-33,
-27,
-28,
-36,
-49,
-52,
-51,
-49,
-54,
-56,
-75,
-75,
-82,
-102,
-124,
-144,
-157,
-164,
-164,
-168,
-170,
-170,
-172,
-173,
-173,
-173,
-177,
-177,
-177,
-172,
-170,
-166,
-163,
-159,
-152,
-150,
-148,
-151,
-183,
-215,
-239,
-226,
-225,
-200,
-183,
-167,
-158,
-142,
-131,
-124,
-117,
-110,
-105,
-97,
-92,
-87,
-80,
-75,
-67,
-65,
-63,
-61,
-63,
-78,
-94,
-108,
-116,
-131,
-142,
-147,
-153,
-156,
-157,
-158,
-156,
-167,
-181,
-187,
-185,
-186,
-190,
-187,
-185,
-193,
-197,
-203,
-204,
-203,
-201,
-196,
-194,
-194,
-194,
-200,
-206,
-210,
-219,
-213,
-209,
-209,
-202,
-187,
-179,
-175,
-168,
-161,
-157,
-158,
-159,
-162,
-167,
-185,
-184,
-183,
-182,
-183,
-181,
-177,
-188,
-200,
-200,
-189,
-178,
-176,
-189,
-170,
-141,
-121,
-106,
-95,
-87,
-87,
-84,
-90,
-139,
-157,
-195,
-198,
-215,
-226,
-241,
-247,
-236,
-231,
-218,
-210,
-209,
-210,
-205,
-180,
-124,
-93,
-75,
-69,
-63,
-63,
-62,
-66,
-72,
-75,
-79,
-103,
-110,
-115,
-116,
-119,
-124,
-127,
-129,
-119,
-127,
-134,
-141,
-143,
-139,
-142,
-144,
-142,
-145,
-147,
-153,
-157,
-166,
-174,
-180,
-185,
-195,
-203,
-209,
-213,
-218,
-222,
-222,
-220,
-218,
-216,
-212,
-201,
-187,
-175,
-168,
-161,
-152,
-148,
-141,
-144,
-191,
-223,
-221,
-257,
-242,
-241,
-231,
-227,
-193,
-175,
-162,
-153,
-143,
-134,
-124,
-113,
-99,
-90,
-96,
-91,
-82,
-82,
-82,
-82,
-78,
-75,
-70,
-66,
-64,
-63,
-59,
-59,
-57,
-55,
-61,
-65,
-64,
-66,
-57,
-58,
-53,
-44,
-40,
-33,
-26,
-25,
-23,
-33,
-45,
-47,
-52,
-74,
-101,
-60,
-75,
-102,
-110,
-119,
-129,
-138,
-139,
-145,
-162,
-164,
-170,
-165,
-165,
-164,
-167,
-167,
-176,
-176,
-184,
-196,
-212,
-243,
-265,
-261,
-256,
-275,
-291,
-281,
-299,
-286,
-288,
-279,
-249,
-204,
-179,
-152,
-132,
-105,
-93,
-82,
-75,
-79,
-78,
-82,
-88,
-93,
-93,
-95,
-95,
-95,
-94,
-99,
-113,
-122,
-121,
-136,
-117,
-72,
-63,
-74,
-65,
-68,
-73,
-70,
-76,
-84,
-101,
-117,
-130,
-152,
-158,
-150,
-151,
-155,
-149,
-153,
-146,
-142,
-142,
-140,
-136,
-131,
-125,
-115,
-109,
-101,
-95,
-96,
-101,
-108,
-111,
-116,
-122,
-128,
-136,
-141,
-144,
-150,
-186,
-180,
-185,
-190,
-196,
-183,
-193,
-182,
-130,
-125,
-120,
-118,
-112,
-112,
-109,
-117,
-147,
-180,
-187,
-186,
-210,
-223,
-243,
-260,
-255,
-260,
-280,
-285,
-292,
-308,
-256,
-212,
-173,
-110,
-97,
-86,
-77,
-68,
-61,
-84,
-107,
-162,
-185,
-167,
-170,
-178,
-187,
-190,
-171,
-150,
-138,
-105,
-101,
-102,
-102,
-97,
-88,
-78,
-66,
-62,
-55,
-50,
-49,
-46,
-48,
-46,
-47,
-48,
-49,
-45,
-43,
-45,
-45,
-45,
-50,
-64,
-68,
-68,
-64,
-60,
-55,
-52,
-52,
-45,
-42,
-41,
-44,
-49,
-55,
-56,
-61,
-70,
-72,
-75,
-79,
-83,
-91,
-117,
-144,
-160,
-162,
-163,
-149,
-114,
-88,
-76,
-66,
-63,
-68,
-69,
-64,
-63,
-63,
-57,
-50,
-39,
-29,
-20,
-12,
-12,
-05,
-12,
-13,
-13,
-15,
-15,
-12,
04,
04,
08,
13,
12,
14,
13,
11,
06,
03,
-02,
-08,
-10,
-11,
-14,
-16,
-17,
-47,
-61,
-79,
-100,
-107,
-111,
-112,
-115,
-113,
-113,
-113,
-115,
-114,
-116,
-116,
-115,
-118,
-123,
-127,
-130,
-140,
-153,
-168,
-168,
-175,
-162,
-187,
-194,
-223,
-232,
-238,
-179,
-135,
-118,
-107,
-91,
-80,
-65,
-59,
-61,
-75,
-98,
-113,
-104,
-108,
-106,
-94,
-124,
-146,
-147,
-137,
-124,
-125,
-115,
-95,
-80,
-65,
-45,
-46,
-49,
-44,
-42,
-38,
-34,
-41,
-46,
-42,
-41,
-41,
-42,
-43,
-44,
-42,
-42,
-41,
-38,
-38,
-30,
-15,
-06,
-03,
04,
10,
09,
13,
13,
15,
14,
-02,
-49,
-74,
-79,
-69,
-73,
-81,
-95,
-77,
10,
05,
-51,
-06,
-04,
01,
06,
10,
17,
29,
38,
46,
52,
50,
52,
23,
-06,
-28,
-37,
-61,
-61,
-68,
-61,
-70,
-80,
-74,
-70,
-71,
-74,
-54,
02,
33,
59,
69,
71,
78,
81,
81,
65,
53,
37,
39,
34,
40,
24,
27,
35,
30,
28,
44,
18,
13,
43,
44,
49,
61,
68,
65,
59,
63,
61,
61,
57,
44,
33,
27,
26,
26,
27,
25,
18,
09,
00,
-06,
-14,
-22,
-25,
-21,
-18,
-15,
-09,
-08,
-08,
-08,
-08,
-08,
-10,
-21,
-34,
-53,
-60,
-62,
-82,
-85,
-77,
-86,
-91,
-93,
-82,
-73,
-77,
-55,
-33,
-11,
12,
27,
43,
48,
60,
62,
59,
48,
37,
23,
22,
21,
22,
26,
24,
25,
25,
20,
13,
10,
11,
16,
21,
24,
26,
30,
29,
31,
36,
40,
36,
27,
30,
41,
22,
15,
19,
20,
19,
18,
10,
11,
00,
00,
00,
-08,
-09,
-07,
-06,
-07,
-06,
-07,
-08,
-09,
-07,
-04,
-04,
-04,
-05,
-06,
-04,
-04,
-12,
-24,
-42,
-53,
-58,
-50,
-36,
-19,
-05,
07,
25,
42,
61,
70,
79,
94,
79,
53,
40,
17,
23,
19,
13,
12,
18,
17,
18,
21,
23,
18,
38,
35,
32,
30,
25,
08,
-13,
-08,
-17,
-10,
-15,
-21,
-20,
-26,
-30,
-40,
-36,
-42,
-43,
-48,
-50,
-55,
-62,
-64,
-63,
-63,
-60,
-58,
-69,
-66,
-50,
-46,
-46,
-39,
-37,
-39,
-48,
-45,
-43,
-47,
-61,
-62,
-75,
-80,
-82,
-112,
-143,
-154,
-156,
-73,
-48,
-38,
-33,
-25,
-23,
-17,
-16,
-19,
-26,
-47,
-67,
-98,
-86,
-86,
-92,
-81,
-68,
-62,
-57,
-53,
-49,
-45,
-37,
-40,
-35,
-29,
-26,
-21,
-17,
-09,
-04,
-03,
-05,
-08,
-09,
-17,
-17,
-19,
-20,
-24,
-18,
-28,
-26,
-22,
-21,
-22,
-17,
-15,
00,
06,
22,
33,
35,
37,
41,
35,
29,
16,
-01,
-14,
-17,
-24,
-35,
-43,
-48,
-46,
-51,
-61,
-63,
-77,
-86,
-88,
-87,
-86,
-80,
-81,
-80,
-66,
-61,
-64,
-73,
-86,
-87,
-85,
-88,
-95,
-91,
-89,
-91,
-101,
-117,
-94,
-103,
-108,
-114,
-108,
-103,
-103,
-93,
-87,
-80,
-74,
-71,
-71,
-78,
-85,
-90,
-94,
-99,
-108,
-118,
-129,
-140,
-144,
-161,
-165,
-171,
-155,
-127,
-90,
-74,
-62,
-44,
-29,
-17,
-07,
-03,
01,
-23,
-46,
-57,
-83,
-84,
-83,
-86,
-92,
-95,
-98,
-94,
-90,
-86,
-80,
-22,
00,
19,
43,
54,
40,
20,
09,
08,
10,
11,
12,
15,
19,
20,
19,
12,
14,
06,
09,
-01,
-14,
-16,
-02,
07,
17,
23,
22,
28,
25,
25,
27,
28,
22,
10,
06,
05,
04,
05,
05,
03,
03,
07,
06,
06,
03,
00,
00,
00,
01,
-02,
06,
11,
21,
12,
10,
00,
-11,
-18,
-25,
-32,
-33,
-37,
-40,
-47,
-54,
-63,
-69,
-80,
-84,
-82,
-86,
-88,
-85,
-85,
-82,
-77,
-72,
-70,
-72,
-66,
-69,
-71,
-76,
-83,
-92,
-106,
-118,
-123,
-128,
-124,
-118,
-125,
-119,
-121,
-108,
-67,
-47,
-32,
-18,
-04,
03,
11,
25,
34,
36,
22,
00,
11,
16,
14,
15,
16,
20,
08,
13,
16,
16,
15,
09,
14,
16,
25,
31,
35,
30,
36,
44,
48,
10,
06,
16,
16,
12,
10,
08,
04,
-02,
-03,
-04,
-06,
-10,
-11,
-11,
-04,
05,
05,
07,
10,
-01,
-02,
02,
01,
02,
02,
-08,
-14,
-21,
-24,
-33,
-43,
-52,
-66,
-60,
-66,
-69,
-68,
-50,
-33,
-23,
-04,
10,
12,
17,
20,
30,
32,
33,
25,
-13,
-25,
-34,
-37,
-47,
-45,
-42,
-37,
-32,
-23,
-13,
-01,
14,
42,
67,
95,
117,
136,
149,
162,
153,
144,
138,
132,
130,
129,
122,
121,
111,
108,
114,
106,
103,
97,
91,
62,
55,
52,
62,
82,
110,
126,
135,
155,
155,
155,
135,
69,
76,
60,
41,
67,
54,
46,
30,
23,
17,
17,
18,
11,
05,
01,
04,
17,
19,
25,
30,
30,
36,
28,
13,
09,
12,
10,
09,
08,
06,
-15,
-06,
-10,
-04,
-07,
-13,
-13,
-09,
-04,
-17,
-23,
-21,
-19,
-17,
-12,
-09,
-05,
01,
00,
-02,
-04,
-09,
-06,
-04,
-08,
-11,
-27,
-26,
-25,
-26,
-25,
-19,
06,
38,
65,
95,
128,
139,
152,
158,
159,
153,
122,
91,
63,
51,
42,
41,
40,
36,
37,
32,
33,
29,
27,
31,
35,
34,
40,
38,
42,
50,
52,
54,
56,
56,
57,
48,
44,
38,
34,
45,
40,
42,
41,
39,
36,
28,
22,
25,
30,
29,
32,
31,
29,
30,
34,
45,
42,
36,
27,
21,
21,
23,
25,
22,
22,
22,
20,
19,
19,
19,
18,
20,
23,
27,
34,
37,
41,
50,
52,
57,
52,
47,
41,
37,
37,
36,
33,
33,
33,
38,
40,
41,
45,
44,
44,
47,
57,
69,
72,
75,
85,
102,
114,
116,
109,
110,
116,
110,
93,
82,
82,
72,
63,
45,
51,
56,
41,
29,
25,
25,
27,
29,
32,
30,
30,
32,
34,
41,
48,
50,
52,
35,
09,
-12,
-16,
-14,
-27,
-27,
-34,
-27,
-39,
-35,
-34,
-14,
22,
70,
110,
124,
136,
147,
163,
165,
170,
173,
159,
101,
76,
53,
42,
32,
28,
29,
30,
39,
31,
31,
44,
75,
116,
135,
166,
178,
206,
221,
227,
238,
231,
225,
214,
201,
187,
186,
182,
136,
84,
77,
74,
73,
69,
52,
38,
49,
78,
107,
131,
141,
139,
142,
140,
143,
141,
133,
124,
108,
77,
58,
33,
23,
11,
-03,
-02,
-15,
-21,
-22,
-27,
04,
63,
83,
104,
115,
125,
131,
132,
132,
129,
125,
112,
93,
45,
33,
06,
05,
-13,
-18,
-16,
-26,
-18,
-27,
-20,
05,
63,
99,
136,
140,
162,
185,
192,
194,
188,
173,
163,
152,
147,
143,
145,
114,
115,
109,
112,
105,
104,
105,
107,
109,
113,
115,
118,
121,
123,
118,
125,
132,
136,
149,
147,
112,
85,
72,
59,
38,
32,
30,
21,
19,
24,
12,
13,
34,
82,
160,
187,
203,
206,
205,
193,
183,
172,
162,
149,
130,
101,
66,
38,
27,
18,
05,
12,
-05,
-17,
-22,
-18,
13,
68,
85,
106,
125,
145,
158,
171,
180,
182,
177,
168,
153,
145,
140,
129,
115,
102,
68,
52,
52,
51,
61,
63,
67,
68,
81,
90,
100,
107,
128,
139,
148,
148,
148,
140,
129,
126,
120,
118,
114,
114,
106,
91,
83,
80,
75,
75,
79,
83,
83,
99,
104,
105,
114,
114,
126,
122,
104,
103,
89,
78,
60,
67,
55,
13,
11,
28,
21,
35,
55,
50,
55,
67,
47,
44,
50,
61,
74,
93,
81,
60,
41,
41,
44,
19,
22,
23,
18,
12,
04,
04,
-03,
-02,
-02,
-01,
-04,
-09,
-16,
02,
-02,
-09,
10,
13,
14,
14,
13,
12,
08,
05,
01,
-01,
-05,
-08,
-09,
-12,
-15,
-16,
-15,
-10,
-12,
-08,
-06,
-06,
02,
02,
04,
04,
06,
11,
11,
13,
12,
09,
04,
-01,
-05,
-10,
-16,
-17,
-27,
-29,
-31,
-27,
-13,
03,
18,
33,
48,
58,
67,
81,
79,
83,
84,
73,
54,
34,
03,
-09,
-10,
-22,
-10,
-17,
-19,
-26,
-37,
-26,
09,
29,
54,
68,
79,
79,
81,
80,
78,
77,
71,
65,
60,
51,
25,
29,
32,
32,
36,
45,
48,
44,
44,
43,
44,
48,
53,
53,
61,
71,
71,
66,
68,
72,
71,
66,
57,
57,
57,
57,
59,
59,
62,
60,
58,
54,
49,
51,
54,
66,
75,
97,
120,
131,
135,
148,
150,
144,
144,
138,
123,
90,
53,
58,
48,
51,
48,
48,
38,
28,
21,
32,
72,
96,
117,
138,
156,
167,
173,
174,
180,
179,
174,
165,
123,
102,
56,
43,
45,
32,
19,
26,
08,
17,
13,
11,
82,
117,
137,
159,
174,
183,
181,
189,
186,
192,
182,
172,
154,
132,
108,
83,
63,
53,
46,
41,
53,
47,
48,
56,
71,
90,
124,
132,
145,
158,
153,
157,
158,
150,
152,
137,
129,
117,
101,
86,
82,
62,
54,
50,
27,
14,
17,
26,
86,
121,
142,
162,
178,
185,
193,
192,
196,
197,
190,
184,
148,
107,
77,
60,
43,
45,
37,
24,
17,
27,
28,
41,
82,
137,
187,
196,
209,
213,
213,
222,
222,
224,
225,
221,
160,
121,
114,
96,
67,
82,
73,
61,
63,
69,
67,
74,
113,
176,
217,
231,
236,
248,
254,
255,
258,
256,
255,
247,
219,
200,
182,
180,
179,
172,
156,
167,
162,
151,
138,
127,
147,
156,
163,
182,
193,
197,
198,
200,
200,
201,
196,
186,
176,
165,
156,
136,
135,
131,
120,
114,
107,
105,
103,
105,
115,
130,
144,
145,
161,
175,
184,
190,
194,
198,
193,
184,
166,
161,
122,
106,
78,
79,
61,
68,
61,
61,
60,
77,
117,
159,
185,
199,
213,
220,
229,
238,
247,
253,
252,
235,
211,
176,
152,
130,
115,
123,
105,
104,
110,
112,
107,
118,
158,
206,
229,
247,
262,
270,
271,
281,
284,
292,
288,
263,
204,
165,
148,
146,
158,
168,
204,
189,
183,
181,
164,
175,
183,
204,
223,
232,
245,
257,
262,
271,
274,
273,
267,
258,
237,
221,
214,
204,
193,
186,
180,
176,
169,
164,
159,
170,
184,
200,
227,
243,
259,
278,
279,
284,
283,
244,
207,
189,
184,
178,
176,
173,
168,
169,
162,
155,
154,
150,
151,
170,
190,
204,
225,
247,
257,
267,
275,
271,
228,
227,
245,
247,
189,
182,
180,
178,
189,
210,
203,
194,
191,
189,
187,
186,
188,
196,
200,
210,
213,
174,
189,
185,
196,
165,
147,
136,
125,
120,
109,
99,
100,
101,
101,
101,
97,
95,
90,
86,
73,
63,
62,
65,
75,
70,
74,
80,
81,
89,
95,
94,
85,
52,
43,
21,
15,
05,
09,
09,
11,
09,
03,
21,
54,
74,
97,
117,
126,
141,
148,
156,
155,
159,
157,
154,
113,
69,
58,
39,
40,
42,
41,
37,
37,
39,
49,
62,
91,
125,
148,
164,
179,
193,
202,
210,
199,
200,
192,
175,
149,
145,
149,
140,
136,
140,
137,
133,
135,
131,
123,
134,
141,
156,
177,
194,
215,
229,
228,
238,
235,
220,
209,
198,
193,
182,
182,
181,
166,
152,
152,
158,
149,
148,
153,
159,
163,
191,
206,
217,
228,
226,
239,
246,
245,
245,
240,
206,
170,
166,
150,
143,
144,
137,
136,
136,
146,
151,
158,
188,
209,
236,
250,
260,
263,
270,
242,
236,
250,
234,
211,
203,
194,
193,
190,
176,
178,
181,
182,
178,
178,
183,
187,
193,
205,
220,
235,
224,
239,
230,
246,
221,
200,
190,
165,
131,
117,
106,
101,
109,
106,
79,
75,
66,
60,
56,
49,
47,
43,
55,
56,
57,
67,
85,
93,
98,
109,
102,
98,
87,
59,
49,
26,
26,
19,
21,
24,
32,
35,
38,
45,
56,
84,
102,
129,
141,
134,
141,
138,
132,
132,
127,
124,
115,
110,
104,
105,
99,
100,
64,
59,
39,
23,
34,
57,
112,
117,
117,
124,
129,
134,
137,
140,
137,
131,
130,
113,
97,
81,
70,
60,
50,
33,
14,
10,
-07,
-13,
-18,
-09,
59,
84,
95,
107,
120,
134,
143,
156,
164,
165,
162,
115,
77,
62,
53,
40,
33,
26,
25,
21,
21,
19,
41,
85,
160,
188,
202,
212,
221,
227,
229,
231,
238,
228,
212,
181,
151,
145,
133,
127,
119,
125,
126,
131,
131,
132,
144,
148,
179,
200,
226,
247,
256,
268,
272,
272,
270,
263,
252,
242,
236,
233,
229,
223,
217,
210,
211,
207,
202,
203,
203,
212,
229,
239,
234,
239,
232,
249,
249,
257,
246,
247,
239,
230,
216,
207,
200,
199,
198,
207,
199,
193,
199,
193,
210,
220,
232,
246,
242,
237,
226,
239,
249,
252,
251,
248,
238,
228,
204,
217,
207,
205,
182,
158,
156,
167,
189,
174,
178,
196,
208,
204,
198,
198,
197,
206,
206,
206,
202,
202,
174,
140,
117,
107,
96,
87,
92,
81,
71,
75,
77,
100,
136,
178,
195,
207,
223,
238,
242,
250,
254,
257,
252,
245,
228,
202,
174,
187,
194,
192,
193,
204,
205,
203,
202,
201,
204,
226,
230,
237,
239,
248,
260,
272,
239,
239,
241,
239,
233,
191,
194,
198,
187,
190,
186,
183,
179,
182,
142,
122,
115,
113,
114,
117,
115,
112,
112,
124,
121,
125,
132,
135,
133,
131,
126,
122,
120,
120,
125,
113,
102,
99,
101,
101,
102,
105,
106,
111,
112,
112,
118,
122,
124,
123,
123,
121,
118,
112,
112,
110,
108,
107,
106,
104,
104,
103,
102,
102,
104,
110,
116,
120,
123,
131,
136,
135,
141,
144,
143,
146,
133,
116,
108,
87,
72,
69,
60,
54,
65,
61,
63,
59,
79,
97,
125,
146,
168,
179,
190,
202,
208,
210,
207,
205,
172,
131,
112,
105,
94,
81,
81,
84,
74,
78,
80,
100,
127,
145,
164,
182,
199,
198,
199,
212,
216,
210,
196,
195,
188,
179,
174,
168,
163,
149,
141,
138,
134,
134,
132,
136,
141,
146,
166,
194,
210,
226,
233,
239,
240,
239,
234,
211,
195,
185,
181,
176,
169,
167,
165,
161,
156,
155,
149,
145,
149,
144,
136,
135,
150,
168,
178,
181,
181,
176,
168,
161,
146,
119,
102,
71,
66,
47,
47,
43,
35,
33,
42,
64,
109,
140,
167,
185,
196,
212,
219,
224,
234,
231,
216,
205,
196,
188,
187,
184,
182,
181,
184,
183,
184,
181,
165,
162,
167,
175,
194,
199,
202,
204,
213,
188,
192,
205,
194,
190,
189,
187,
189,
184,
184,
185,
188,
184,
180,
171,
164,
172,
183,
187,
198,
208,
180,
169,
161,
158,
183,
174,
156,
153,
153,
142,
131,
124,
118,
110,
105,
97,
94,
98,
103,
106,
134,
167,
194,
209,
222,
232,
245,
246,
251,
234,
244,
238,
229,
218,
215,
212,
215,
190,
180,
182,
166,
161,
155,
159,
173,
188,
200,
218,
231,
233,
243,
243,
241,
236,
230,
218,
208,
183,
175,
158,
151,
148,
138,
134,
130,
127,
133,
143,
164,
183,
207,
234,
260,
274,
288,
294,
296,
294,
282,
272,
198,
197,
191,
190,
202,
178,
165,
156,
146,
140,
140,
141,
144,
153,
176,
191,
200,
213,
223,
231,
232,
232,
230,
225,
208,
185,
158,
147,
142,
126,
121,
121,
112,
122,
124,
135,
159,
192,
212,
223,
230,
240,
250,
261,
248,
223,
210,
200,
198,
192,
200,
198,
201,
206,
215,
214,
213,
213,
211,
213,
217,
216,
221,
241,
233,
243,
252,
256,
248,
249,
247,
245,
239,
212,
201,
194,
186,
185,
190,
189,
189,
191,
200,
211,
223,
228,
229,
237,
217,
203,
202,
223,
233,
228,
232,
219,
219,
194,
168,
169,
171,
169,
154,
138,
125,
127,
121,
144,
157,
174,
185,
204,
208,
206,
213,
214,
217,
218,
222,
218,
191,
176,
158,
149,
141,
142,
148,
147,
154,
157,
163,
169,
172,
182,
179,
186,
192,
195,
201,
222,
218,
210,
208,
215,
215,
203,
203,
197,
196,
192,
202,
201,
196,
194,
187,
185,
189,
197,
199,
190,
192,
195,
201,
193,
181,
185,
185,
174,
164,
146,
129,
114,
109,
99,
93,
83,
86,
85,
103,
126,
146,
173,
183,
205,
220,
220,
210,
222,
211,
204,
199,
198,
191,
181,
178,
178,
179,
180,
178,
181,
179,
179,
176,
180,
195,
214,
221,
230,
246,
260,
247,
214,
238,
247,
248,
244,
228,
217,
208,
208,
197,
192,
177,
173,
154,
146,
152,
162,
176,
192,
207,
218,
232,
239,
245,
249,
255,
264,
256,
245,
228,
206,
196,
190,
200,
208,
211,
209,
213,
224,
226,
232,
224,
209,
231,
247,
245,
263,
268,
274,
275,
269,
250,
225,
204,
190,
180,
166,
157,
149,
144,
155,
150,
133,
135,
142,
151,
158,
159,
170,
181,
192,
213,
217,
221,
223,
220,
217,
204,
166,
142,
128,
116,
116,
108,
106,
103,
99,
97,
113,
149,
182,
197,
219,
226,
230,
231,
223,
221,
224,
219,
209,
194,
192,
177,
163,
145,
135,
126,
127,
126,
127,
127,
130,
143,
160,
189,
210,
220,
220,
215,
225,
228,
231,
221,
211,
196,
165,
147,
133,
122,
115,
113,
116,
137,
150,
148,
153,
152,
152,
153,
166,
172,
170,
162,
151,
143,
130,
130,
128,
126,
124,
123,
123,
120,
118,
119,
114,
116,
113,
114,
116,
122,
131,
135,
139,
148,
153,
161,
170,
166,
166,
172,
170,
169,
162,
145,
140,
134,
133,
133,
132,
133,
134,
133,
133,
139,
144,
154,
159,
169,
183,
177,
184,
198,
202,
206,
205,
185,
166,
152,
147,
146,
143,
144,
145,
146,
148,
146,
152,
154,
153,
156,
161,
170,
190,
190,
215,
233,
237,
231,
222,
201,
198,
186,
184,
180,
179,
176,
172,
169,
167,
169,
173,
177,
186,
194,
205,
205,
213,
220,
215,
209,
204,
203,
201,
190,
183,
176,
177,
175,
161,
154,
155,
141,
151,
150,
156,
161,
168,
172,
188,
191,
195,
203,
204,
203,
207,
201,
199,
182,
151,
133,
114,
99,
95,
80,
74,
69,
57,
53,
76,
109,
160,
183,
192,
199,
204,
214,
221,
225,
226,
226,
215,
193,
178,
160,
149,
142,
139,
140,
148,
148,
151,
149,
165,
168,
170,
173,
178,
182,
197,
196,
191,
185,
188,
185,
191,
181,
169,
156,
147,
137,
129,
126,
132,
132,
136,
133,
133,
140,
152,
186,
219,
229,
235,
242,
246,
242,
245,
241,
235,
206,
172,
153,
150,
139,
134,
132,
130,
127,
124,
124,
147,
159,
187,
214,
230,
236,
235,
238,
237,
234,
239,
247,
247,
235,
210,
203,
208,
195,
195,
197,
199,
194,
200,
206,
205,
216,
223,
229,
239,
259,
271,
239,
272,
278,
274,
269,
259,
245,
213,
197,
193,
201,
211,
218,
215,
214,
194,
178,
173,
168,
165,
163,
182,
178,
179,
182,
177,
190,
196,
195,
188,
175,
162,
153,
149,
145,
143,
142,
140,
139,
138,
141,
148,
159,
171,
186,
195,
204,
201,
205,
201,
193,
196,
193,
195,
197,
188,
176,
174,
166,
162,
158,
150,
147,
148,
146,
149,
155,
168,
183,
203,
214,
230,
223,
233,
236,
237,
227,
224,
205,
166,
149,
129,
123,
114,
110,
100,
103,
99,
96,
110,
142,
186,
204,
219,
238,
244,
249,
249,
251,
251,
246,
241,
217,
184,
164,
154,
145,
142,
136,
131,
127,
122,
120,
132,
160,
197,
226,
240,
242,
244,
246,
256,
259,
252,
252,
237,
220,
194,
179,
177,
172,
165,
163,
156,
154,
147,
146,
158,
184,
215,
232,
249,
257,
256,
263,
270,
274,
273,
270,
264,
232,
209,
187,
192,
172,
171,
164,
173,
180,
176,
184,
187,
193,
205,
208,
230,
235,
235,
230,
186,
206,
230,
231,
209,
204,
199,
192,
189,
186,
185,
185,
186,
187,
187,
185,
163,
148,
132,
128,
127,
130,
135,
143,
147,
168,
170,
167,
163,
148,
132,
120,
111,
104,
93,
89,
78,
77,
73,
76,
85,
111,
141,
167,
179,
192,
203,
211,
212,
218,
218,
217,
209,
187,
153,
136,
125,
118,
110,
108,
103,
105,
105,
106,
116,
156,
177,
200,
218,
217,
218,
227,
232,
221,
215,
217,
211,
212,
213,
209,
206,
208,
206,
206,
208,
205,
203,
207,
214,
211,
218,
243,
267,
273,
276,
286,
295,
288,
288,
278,
268,
250,
214,
210,
195,
192,
192,
187,
184,
181,
186,
187,
193,
207,
220,
255,
278,
290,
292,
290,
292,
244,
252,
260,
257,
235,
212,
207,
205,
206,
198,
200,
197,
204,
200,
200,
207,
213,
217,
225,
235,
244,
250,
253,
259,
262,
261,
263,
246,
216,
192,
183,
173,
166,
159,
153,
144,
146,
148,
148,
158,
176,
205,
231,
250,
248,
227,
191,
216,
232,
234,
218,
216,
196,
173,
158,
143,
131,
138,
144,
132,
115,
104,
104,
116,
136,
174,
188,
198,
201,
207,
213,
214,
216,
217,
213,
200,
187,
153,
128,
125,
121,
111,
106,
97,
93,
93,
84,
98,
131,
174,
188,
197,
204,
216,
208,
224,
221,
218,
211,
208,
196,
161,
143,
124,
117,
110,
105,
95,
90,
87,
85,
96,
128,
175,
194,
212,
223,
232,
234,
241,
240,
244,
241,
235,
203,
168,
154,
143,
133,
124,
121,
117,
114,
107,
107,
114,
147,
190,
231,
233,
241,
245,
227,
209,
237,
237,
243,
231,
216,
205,
190,
190,
190,
187,
187,
188,
178,
184,
176,
180,
199,
207,
226,
247,
259,
253,
263,
266,
270,
268,
242,
245,
218,
203,
189,
183,
176,
170,
166,
161,
158,
151,
147,
148,
161,
199,
233,
251,
261,
273,
278,
277,
276,
277,
265,
264,
232,
211,
189,
178,
163,
155,
157,
144,
145,
139,
138,
148,
173,
207,
251,
263,
276,
272,
282,
289,
288,
288,
283,
274,
247,
205,
191,
178,
169,
162,
153,
144,
144,
135,
134,
148,
180,
216,
254,
273,
284,
285,
291,
294,
297,
294,
290,
272,
241,
208,
204,
197,
191,
186,
187,
196,
208,
208,
212,
212,
235,
234,
224,
232,
247,
251,
253,
264,
261,
263,
253,
250,
222,
210,
200,
177,
170,
170,
151,
142,
146,
141,
136,
143,
190,
205,
215,
230,
240,
244,
253,
259,
262,
262,
261,
251,
221,
193,
187,
177,
164,
163,
166,
155,
160,
174,
153,
168,
187,
199,
212,
209,
229,
223,
233,
223,
222,
239,
233,
222,
194,
164,
146,
139,
122,
126,
121,
117,
114,
112,
106,
119,
154,
195,
220,
236,
248,
250,
258,
260,
260,
260,
255,
251,
215,
203,
190,
200,
207,
212,
205,
201,
192,
171,
160,
202,
213,
223,
233,
245,
241,
232,
239,
249,
259,
262,
245,
223,
178,
166,
154,
156,
154,
148,
137,
135,
137,
138,
137,
135,
163,
189,
208,
208,
221,
221,
180,
208,
222,
220,
213,
209,
187,
174,
173,
161,
155,
146,
139,
134,
128,
131,
128,
136,
157,
179,
191,
198,
203,
201,
210,
206,
212,
213,
211,
201,
179,
176,
150,
157,
134,
120,
126,
109,
106,
99,
95,
112,
139,
157,
172,
178,
192,
203,
209,
214,
210,
206,
207,
202,
179,
143,
130,
117,
112,
99,
100,
89,
87,
81,
78,
84,
120,
159,
194,
203,
213,
223,
235,
228,
236,
226,
223,
220,
191,
164,
131,
134,
114,
119,
103,
105,
105,
101,
94,
97,
134,
172,
193,
209,
222,
225,
222,
218,
215,
215,
213,
205,
193,
167,
160,
145,
147,
141,
133,
120,
116,
107,
107,
112,
127,
155,
193,
213,
221,
240,
248,
254,
258,
259,
250,
243,
207,
173,
157,
143,
133,
142,
148,
146,
153,
147,
157,
170,
189,
205,
208,
213,
225,
230,
227,
242,
213,
205,
202,
193,
186,
187,
191,
186,
185,
186,
184,
185,
184,
185,
184,
185,
187,
196,
209,
210,
219,
204,
212,
216,
236,
226,
222,
211,
199,
178,
165,
171,
179,
176,
173,
176,
171,
170,
168,
169,
175,
172,
173,
186,
204,
205,
213,
189,
197,
195,
204,
190,
179,
149,
137,
132,
123,
115,
103,
103,
89,
84,
73,
84,
114,
161,
180,
192,
202,
207,
215,
217,
218,
226,
227,
219,
171,
143,
141,
138,
129,
135,
136,
136,
134,
135,
139,
140,
165,
197,
223,
245,
260,
268,
271,
264,
274,
264,
254,
252,
222,
205,
199,
191,
188,
193,
191,
186,
184,
175,
170,
172,
194,
219,
239,
249,
249,
257,
269,
261,
270,
269,
264,
247,
218,
200,
192,
180,
170,
162,
161,
158,
152,
148,
142,
148,
163,
187,
229,
252,
263,
275,
280,
283,
282,
283,
283,
260,
229,
196,
183,
185,
175,
171,
160,
167,
157,
151,
151,
153,
174,
210,
253,
271,
272,
280,
291,
291,
288,
297,
290,
269,
245,
218,
207,
199,
191,
187,
182,
178,
175,
172,
171,
175,
194,
231,
252,
274,
286,
298,
303,
306,
297,
293,
254,
225,
215,
213,
205,
196,
198,
197,
197,
197,
199,
196,
198,
201,
214,
230,
238,
251,
252,
261,
269,
270,
272,
274,
278,
268,
256,
239,
229,
227,
222,
223,
219,
219,
215,
218,
217,
217,
219,
228,
237,
245,
246,
246,
261,
257,
233,
227,
227,
221,
218,
215,
209,
198,
192,
184,
164,
148,
151,
146,
139,
138,
149,
192,
201,
200,
213,
221,
216,
212,
217,
216,
201,
163,
142,
127,
111,
103,
96,
96,
88,
87,
87,
87,
97,
129,
157,
164,
179,
207,
192,
197,
198,
205,
209,
205,
209,
166,
137,
133,
121,
109,
111,
118,
122,
128,
131,
133,
135,
144,
177,
200,
217,
224,
231,
228,
243,
239,
241,
234,
227,
185,
162,
136,
139,
136,
129,
126,
126,
125,
130,
132,
143,
162,
192,
210,
217,
220,
235,
227,
237,
232,
243,
238,
218,
197,
174,
147,
141,
137,
141,
127,
127,
140,
134,
127,
119,
126,
151,
199,
206,
210,
219,
230,
230,
213,
197,
191,
183,
174,
166,
162,
155,
160,
139,
129,
125,
99,
99,
98,
105,
119,
147,
168,
173,
179,
186,
190,
195,
192,
191,
184,
178,
161,
157,
139,
152,
141,
147,
145,
146,
145,
132,
135,
141,
147,
156,
162,
172,
183,
184,
178,
190,
176,
173,
175,
167,
159,
148,
132,
105,
102,
104,
91,
85,
80,
75,
74,
71,
92,
133,
167,
179,
186,
209,
215,
214,
209,
210,
212,
190,
144,
126,
112,
113,
102,
102,
99,
98,
99,
96,
96,
98,
120,
150,
184,
221,
234,
241,
243,
254,
257,
247,
246,
218,
173,
161,
154,
134,
130,
138,
142,
147,
149,
149,
157,
164,
165,
181,
195,
213,
232,
244,
247,
259,
258,
258,
254,
237,
202,
204,
196,
185,
176,
180,
175,
166,
158,
163,
160,
164,
176,
208,
237,
244,
247,
257,
269,
270,
269,
270,
263,
243,
198,
189,
176,
181,
172,
163,
160,
156,
153,
146,
137,
143,
153,
168,
195,
219,
229,
243,
255,
264,
269,
268,
265,
236,
198,
181,
174,
168,
157,
146,
147,
150,
143,
145,
148,
145,
156,
171,
203,
242,
256,
269,
273,
282,
273,
274,
267,
231,
205,
192,
182,
180,
171,
161,
153,
153,
149,
152,
154,
154,
164,
186,
216,
235,
250,
260,
271,
278,
279,
282,
273,
258,
217,
209,
182,
180,
167,
173,
172,
174,
177,
176,
164,
164,
165,
182,
218,
237,
259,
272,
272,
282,
288,
283,
262,
234,
218,
207,
219,
205,
195,
185,
188,
197,
191,
188,
184,
193,
195,
201,
216,
225,
238,
251,
265,
269,
274,
269,
260,
241,
208,
191,
188,
178,
177,
172,
170,
166,
165,
165,
165,
158,
181,
188,
208,
240,
258,
271,
274,
284,
282,
285,
276,
257,
220,
210,
199,
193,
193,
184,
189,
178,
179,
172,
171,
169,
185,
224,
256,
276,
293,
298,
309,
312,
310,
309,
298,
258,
215,
221,
212,
209,
185,
184,
184,
181,
176,
175,
167,
172,
188,
224,
263,
288,
293,
303,
307,
306,
306,
307,
294,
271,
248,
221,
210,
192,
189,
213,
222,
215,
209,
203,
194,
198,
225,
231,
256,
263,
282,
296,
299,
200,
202,
209,
216,
214,
200,
195,
188,
192,
188,
184,
182,
178,
174,
166,
163,
162,
167,
168,
171,
179,
183,
186,
186,
184,
185,
185,
185,
170,
163,
157,
152,
138,
132,
132,
126,
122,
117,
121,
119,
126,
134,
138,
164,
188,
212,
222,
227,
235,
233,
231,
224,
190,
165,
130,
120,
103,
106,
100,
101,
95,
98,
101,
101,
109,
131,
155,
159,
178,
182,
193,
185,
191,
184,
171,
168,
164,
162,
162,
161,
164,
163,
163,
163,
164,
167,
138,
134,
131,
129,
128,
129,
133,
136,
134,
142,
149,
149,
146,
138,
128,
122,
120,
121,
109,
109,
107,
108,
104,
103,
103,
107,
108,
112,
124,
140,
153,
161,
174,
185,
192,
192,
194,
189,
163,
139,
103,
86,
86,
77,
77,
71,
73,
69,
60,
54,
60,
76,
114,
165,
203,
223,
232,
239,
243,
243,
243,
238,
180,
143,
127,
117,
104,
101,
115,
104,
83,
90,
93,
81,
79,
103,
144,
190,
229,
245,
254,
263,
269,
267,
267,
253,
199,
168,
155,
137,
115,
116,
126,
123,
120,
119,
113,
112,
109,
120,
164,
203,
239,
252,
260,
270,
276,
278,
267,
258,
209,
171,
149,
154,
136,
138,
124,
124,
122,
117,
113,
108,
109,
127,
162,
198,
228,
253,
247,
267,
267,
270,
262,
254,
214,
185,
172,
160,
150,
157,
153,
154,
182,
178,
161,
139,
137,
152,
192,
207,
233,
234,
235,
208,
231,
235,
231,
229,
225,
217,
214,
178,
165,
145,
142,
140,
138,
130,
128,
120,
115,
120,
123,
123,
147,
152,
166,
172,
176,
177,
171,
160,
136,
105,
92,
61,
60,
54,
49,
40,
32,
24,
30,
28,
29,
43,
63,
100,
115,
135,
138,
144,
157,
157,
156,
154,
132,
124,
114,
97,
107,
101,
104,
95,
98,
103,
110,
110,
114,
112,
125,
134,
161,
177,
190,
203,
203,
206,
203,
194,
135,
105,
107,
90,
85,
77,
73,
68,
65,
56,
48,
38,
41,
59,
103,
220,
222,
230,
224,
213,
157,
126,
104,
97,
85,
70,
62,
54,
57,
52,
55,
61,
60,
87,
129,
174,
206,
222,
229,
237,
240,
239,
235,
224,
189,
154,
127,
106,
107,
106,
96,
89,
86,
97,
91,
97,
99,
109,
130,
156,
184,
201,
207,
217,
214,
215,
212,
203,
165,
147,
123,
129,
124,
121,
110,
99,
101,
91,
102,
103,
103,
102,
123,
143,
170,
187,
198,
209,
205,
205,
202,
185,
156,
140,
127,
141,
122,
124,
106,
102,
96,
87,
83,
79,
99,
110,
118,
143,
154,
178,
199,
216,
221,
218,
221,
195,
186,
162,
147,
159,
155,
144,
134,
135,
141,
149,
147,
150,
151,
153,
154,
164,
175,
186,
191,
207,
214,
215,
217,
214,
207,
194,
195,
187,
197,
198,
196,
189,
188,
190,
190,
192,
189,
194,
195,
201,
202,
202,
200,
198,
196,
197,
198,
200,
197,
195,
193,
193,
193,
189,
188,
186,
186,
186,
174,
169,
167,
163,
150,
135,
138,
135,
132,
133,
120,
111,
102,
96,
94,
94,
95,
93,
89,
84,
79,
79,
79,
77,
76,
75,
75,
77,
79,
77,
82,
85,
90,
100,
104,
111,
119,
117,
101,
93,
81,
82,
74,
55,
51,
47,
45,
41,
39,
40,
39,
45,
54,
64,
76,
81,
89,
90,
92,
95,
93,
91,
85,
79,
74,
72,
72,
67,
63,
65,
61,
61,
61,
62,
64,
67,
68,
76,
80,
88,
89,
86,
79,
76,
74,
73,
73,
72,
72,
73,
73,
72,
73,
73,
73,
72,
64,
52,
51,
61,
89,
103,
114,
125,
146,
152,
158,
162,
158,
154,
100,
84,
75,
74,
52,
54,
49,
43,
40,
39,
38,
36,
40,
47,
60,
82,
115,
135,
149,
163,
172,
176,
179,
149,
106,
87,
80,
78,
74,
86,
90,
96,
100,
100,
96,
97,
95,
103,
114,
117,
125,
124,
128,
135,
139,
140,
138,
125,
126,
124,
123,
122,
122,
121,
116,
115,
115,
115,
111,
104,
108,
109,
114,
128,
132,
141,
151,
168,
170,
167,
167,
145,
137,
124,
124,
125,
123,
121,
118,
107,
106,
82,
78,
83,
99,
101,
109,
117,
130,
138,
145,
163,
167,
163,
164,
137,
110,
97,
91,
81,
83,
89,
101,
112,
144,
140,
135,
142,
148,
152,
159,
161,
163,
167,
166,
167,
160,
161,
162,
149,
128,
111,
100,
85,
81,
70,
69,
57,
50,
50,
50,
50,
48,
49,
59,
76,
88,
95,
105,
113,
114,
118,
116,
92,
60,
43,
34,
26,
24,
19,
17,
17,
22,
18,
11,
19,
10,
17,
58,
110,
133,
154,
174,
193,
204,
209,
203,
184,
129,
102,
89,
98,
90,
79,
73,
71,
70,
67,
64,
63,
56,
59,
104,
146,
174,
197,
211,
220,
221,
223,
218,
196,
168,
140,
153,
138,
139,
139,
101,
105,
106,
119,
117,
116,
123,
128,
121,
125,
134,
151,
178,
179,
171,
169,
160,
142,
136,
128,
125,
124,
122,
120,
119,
117,
119,
118,
117,
113,
108,
107,
113,
113,
118,
124,
117,
115,
108,
107,
100,
92,
85,
80,
79,
76,
72,
55,
37,
45,
46,
53,
52,
41,
44,
60,
67,
81,
101,
126,
139,
147,
145,
152,
155,
132,
127,
120,
129,
114,
91,
87,
85,
84,
80,
77,
76,
74,
74,
72,
77,
79,
89,
110,
114,
110,
109,
121,
112,
76,
70,
50,
68,
64,
55,
56,
52,
47,
38,
24,
32,
28,
23,
21,
21,
27,
27,
36,
42,
39,
48,
38,
35,
25,
13,
-06,
-24,
-26,
-15,
-16,
-18,
-17,
-15,
00,
-01,
-05,
-10,
-18,
01,
14,
03,
13,
24,
27,
14,
28,
28,
21,
06,
01,
-17,
-27,
-25,
-20,
-19,
-18,
-17,
-13,
-32,
-33,
-32,
-37,
-16,
18,
42,
59,
69,
89,
96,
102,
99,
94,
84,
79,
83,
86,
89,
85,
74,
58,
57,
49,
56,
65,
72,
78,
88,
109,
137,
159,
170,
163,
182,
192,
181,
153,
139,
133,
119,
118,
114,
114,
108,
106,
110,
103,
103,
102,
101,
102,
103,
121,
134,
145,
155,
166,
174,
188,
175,
153,
143,
134,
137,
126,
115,
117,
132,
126,
155,
138,
124,
110,
141,
128,
136,
161,
174,
181,
178,
178,
178,
166,
158,
132,
115,
108,
101,
81,
86,
92,
87,
85,
81,
73,
46,
30,
23,
21,
30,
36,
49,
60,
71,
83,
86,
92,
87,
68,
49,
17,
01,
-16,
-15,
-10,
-20,
-04,
00,
04,
15,
17,
23,
24,
30,
39,
48,
60,
68,
81,
83,
71,
75,
83,
88,
91,
81,
83,
84,
82,
84,
88,
92,
96,
101,
105,
107,
113,
105,
98,
93,
106,
103,
89,
91,
88,
84,
70,
58,
46,
37,
34,
28,
39,
34,
22,
16,
12,
11,
03,
-10,
-15,
-01,
26,
42,
64,
71,
79,
90,
87,
78,
60,
33,
09,
-12,
-23,
-18,
-25,
-33,
-27,
-27,
-27,
-28,
-28,
-24,
-16,
02,
22,
58,
92,
110,
114,
120,
118,
109,
83,
59,
44,
44,
49,
61,
68,
69,
69,
73,
71,
73,
65,
69,
75,
80,
82,
89,
93,
102,
115,
115,
116,
117,
119,
122,
123,
132,
140,
148,
147,
157,
165,
144,
148,
139,
147,
120,
142,
138,
139,
121,
129,
121,
125,
124,
126,
118,
111,
105,
94,
93,
85,
70,
67,
71,
71,
70,
70,
62,
59,
58,
55,
45,
53,
54,
61,
67,
77,
69,
70,
64,
52,
36,
07,
-04,
-12,
-19,
-17,
-26,
-27,
-29,
-42,
-36,
-39,
-40,
-40,
-18,
09,
42,
67,
81,
78,
83,
85,
80,
77,
76,
76,
72,
73,
74,
71,
65,
68,
73,
65,
70,
66,
75,
80,
85,
103,
120,
129,
150,
148,
167,
167,
156,
137,
75,
95,
61,
74,
67,
42,
31,
21,
19,
25,
29,
23,
15,
00,
27,
79,
108,
120,
127,
132,
141,
138,
132,
93,
68,
56,
41,
42,
38,
33,
31,
31,
25,
26,
27,
25,
22,
20,
39,
82,
141,
191,
198,
205,
202,
200,
193,
152,
100,
82,
65,
62,
52,
51,
53,
43,
29,
42,
42,
34,
45,
44,
69,
110,
160,
194,
212,
220,
221,
224,
213,
175,
177,
171,
132,
154,
154,
119,
110,
125,
107,
105,
111,
115,
126,
133,
137,
157,
166,
176,
185,
198,
216,
213,
213,
